0.634592
0.186603
0.536843
0.00972
0.166598
0.192447
0.156863
0.162524
0.00103761
0.00103761
0.0762799
0.055314
0.00103761
0.570764
0.788647
0.00167849
0.370153
0.130297
0.00103761
0.0275731
0.88777
0.0944991
0.124498
0.119509
0.00170901
0.0765545
0.0400397
0.0015259
0.00077821
0.00077821
0.0742657
0.0628061
0.00241093
0.12343
0.222278
0.0437324
0.104997
0.063035
0.00077821
0.100664
0.847288
0.481605
0.276585
0.138979
0.00262455
0.127245
0.204288
0.00274662
0.00112917
0.00630198
0.525002
0.340963
0.0957504
0.404013
0.350439
0.504631
0.520119
0.213321
0.00112917
0.128176
0.0577096
0.728649
0.00111391
0.0611124
0.00114443
0.360647
0.103166
0.00172427
0.00114443
0.00114443
0.885054
0.87129
0.201099
0.109071
0.0846418
0.120546
0.181476
0.0513924
0.00114443
0.259785
0.370291
0.895094
0.00155642
0.556023
0.00155642
0.302556
0.227405
0.00155642
0.00155642
0.227359
0.468986
0.558953
0.522194
0.270985
0.349218
0.424155
0.196887
0.110979
0.00155642
0.316106
0.0272526
0.248463
0.000610361
0.474449
0.000610361
0.128756
0.121233
0.000610361
0.000610361
0.000610361
0.381842
0.541665
0.89276
0.00827039
0.00601205
0.158404
0.0605783
0.0015259
0.000610361
0.0172274
