0.0467842
0.0246433
0.646891
0.00102235
0.272938
0.0103761
0.00138857
0.0512093
0.00102235
0.00102235
0.0108644
0.0178531
0.00102235
0.0635691
1
0.00102235
0.0478218
0.0256352
0.00102235
0.0887007
1
0.0202029
0.618677
0.0356451
0.424109
0.0167239
0.0683452
0.0234989
0.000961318
0.000961318
0.0521096
0.0329747
0.000961318
0.0370947
0.452399
0.000961318
0.0766613
0.0217441
0.000961318
0.0187686
0.915633
0.147295
0.107439
0.0760967
0.0123445
0.351827
0.058381
0.0366827
0.0180514
0.000991836
0.0623331
0.138354
0.000991836
0.202594
0.299092
0.0229953
0.144442
0.0293278
0.000991836
0.0247349
0.173602
1
0.150057
0.240269
0.0177157
0.826658
0.405997
0.0271611
0.00115969
0.00115969
0.398917
0.411093
0.00462348
0.0961166
0.195163
0.0836194
0.245502
0.00399786
0.00115969
0.018265
1
0.428321
0.192508
0.382528
0.0011902
0.658167
0.839643
0.00134279
0.0011902
0.0011902
0.606683
0.514824
0.0463111
0.316289
0.276356
0.222782
0.140078
0.0682994
0.0011902
0.187564
0.163714
1
0.00115969
0.491493
0.00115969
0.257527
0.440726
0.0161135
0.00115969
0.0173342
0.23386
0.317205
0.0817884
0.255406
0.0869459
0.155871
0.167727
0.00180056
0.00115969
0.312245
