0.588434
0.127535
0.785794
0.00112917
0.38117
0.054139
0.139651
0.121187
0.00105287
0.00105287
0.141878
0.0946517
0.00105287
0.559411
1
0.00105287
0.581552
0.135409
0.00105287
0.0886397
0.900191
0.103822
0.197772
0.11931
0.154314
0.0776532
0.104707
0.0500496
0.00103761
0.00103761
0.0704509
0.0884718
0.00695811
0.198367
0.278492
0.0466163
0.20734
0.115084
0.00103761
0.158846
0.0968948
0.942214
0.00665293
0.165637
0.00102235
0.648188
0.521553
0.108003
0.00892653
0.0010071
0.988678
0.919829
0.00639353
0.196704
0.156893
0.0486915
0.0827802
0.0935073
0.00102235
0.0545205
0.24181
0.737438
0.0043946
0.0753338
0.000961318
0.4327
0.465126
0.0386206
0.000961318
0.000961318
0.489006
0.721553
0.0668345
0.144305
0.0520485
0.127657
0.0581064
0.030808
0.000961318
0.391104
0.515007
0.716487
0.135866
0.707378
0.00128176
0.317006
0.332647
0.00128176
0.00128176
0.00128176
0.543282
0.819455
0.299062
0.745266
0.575204
0.125887
0.453239
0.178134
0.00128176
0.233326
0.376287
1
0.00103761
0.410117
0.00103761
0.322957
0.182498
0.00103761
0.00103761
0.00103761
0.345769
0.30132
0.347097
0.0347753
0.076112
0.100649
0.536812
0.0168002
0.00103761
0.0923629
